0 4 5 13 14 20 39
10
1 12 15 25 34 38
2 4 12 14 15 20 27 29 34 37 39 46
0 3 12 13 22 32 37 42 46
1 15 20
1 12 15 17 20 34 49
20 22 24 27 44
1 2 12 15 25 26 31 32 34 45
3 13 15 21 46 47
11 15 17 26 34 49
21 39
15
1 12 15 34 47
1 12 15 25 34 38
4 12 15 19 25 34 37 38 42 45
2 4 10 17 20 25 27 31
37 45 46
2 12 14 34 39 45
1 15 20 22 31
8 35
1 15 20
1 15 20 33 42
25 31
14 20 39
4 19
1 4 5 19 20 27 39 46
1 2 15 19 20 24 44
31 33 37 42 46
4 10 14 15 24 35 37 42 47
2 13 20 27 34 42 47
1 2 30
1 12 15 20 25 26 34 38
13 15 20 31 37
2 14 15 17 20 26 27 39 42 47
6
45 47
20
0 3 12 13 22 32
27
26 35
10 35 37
5 8 13 20 22 25 26 29 31 45
3 22 27 34 41 47
26 27 29
12 15 34
1 10 12 15 20 25 27 33 34 38 47
0 3 12 13 22 32
7 10 13 15
13
8 16 20 24 44 49
1 4 10 13 20 22
24
1 5 8 10 15 20 25 26 31 39
5 26 30 35
5 39 47
20 45
2 3 15 20 27 47
10 33
20
4 20 27 29
5 8 26 31 39 49
18 22 25 26 31
4 20 27 29
18 20 24 41
5 8 10 15 26 31
2 8
5 8 25 26 31 33
22
10 25 31
4 5 13 47
4 5 15 22
0 3 12 13 22 32
17 22 26 42
15 37 45
13 20 22
0 3 12 13 14 20 22 32 39
1 22 26
1 2 12 15 31 34
27
0 3 12 13 22 32
10 19
0 10 27 31 34 37
20 24 47
5 13 20 22 26 44 45 47
0 3 12 13 22 32
25 31 37 42 49
5 25 26 31 35 41 44
25 32 42
10 15
17 45 49
0 14 20 21 27 33 37 39 42 47
10 20 25 31 39
14 20 39
14 20 39
26 47 49
2 10 22 25 31
16 17 49
14 22 27 39
8 49
14 20 24 27 42 43 47
1 3 15 20 44
8 18
30
0 3 12 13 22 32
0 3 12 13 22 32 38
8 16 17 34 37 39 42 49
15 26 35
3 5 8 13 25 26 31 47
12 13 15 22 25 34 35 38
21 27 47
0 2 10 13 24 26 42
0 3 12 13 22 32
10 21 25 31 39 47
49
13 45
0 3 12 13 22 32
1 12 15 25 34 38
2 10 15 22 44
20 29 33 46
10 21 30 35 47
2 22
3 4 15 17 21 26 27 30 35 47
26
10 22 31
1 2 8 15 20
2 5 20 25 26 30 31
0 3 12 13 22 32
14 16 17 20 30 39 45 49
11 13 15 41
13 42 46
3 8 13 21 22 45
11 41 45
0 8 11 15 27 34 35 36 46 49
1 10 20 24
15 26 35
10 26 27 37 42 46 47
4 5 13 46
1 15 25 34 38
1 12 18 26 34
30 31 45
29 44
5 45
1 12 15 34
1 3 20 21 27 43
0 2 3 12 13 22 26 30 32
34
17 49
4 14 20 39
2 3 8 17 42 45
3 8 15 16 17 49
0 3 12 13 22 32
26 42
10 25 31
10 27 44 46
22 46
20 22
34
17 45
13
12 21 47
10 26 35 37 39
10 25 31
15 17 26
11 14 33 35 39 47
1 37 42 46
4 14 20 35 39
5 15 17 20 26
5 13 20 30 35
3 13 27 47
20 22
3 18 20 22 26 27
14 42
8 15
11 25 31 49
3 14 20 27 39 47
15 35
1 15 20 43
20 24
2 14 20 22 39
0 3 12 13 22 32
2 7
21
7 38
32 37 42
15 35 38 45
20 21 24 47
4
0 3 12 13 22 32
16 17 47
1 2 3 20 27 42
11 15 20 26 39 45 46 49
13 15 45
14 20 34 37 42
1 8 15 20 26 33 38 42 45
0 3 7 12 13 22 24 30 32 35
3 10 11 35 37
18 41 44
4 15 22 26 35 42
4 14 20 24 33 39
3 8 14 20 33 39 44 47 49
3 7 25 31 38
2 5 8 25 26 30 47
8 15 26 29 42 45
1 8 10 22 25 31
14
5 15 20 35
13 26
0 1 8 14 15 18 20 26 33 42
2 14 31 39
14 20
0 10 14 33 35 37
10 14 20 26 35 37 42
14 25 42
0 3 12 13 22 32
1 12 20 25 27 31 34 38 42
1 3 15 20 26
1 12 15 34
0 3 12 13 22 32 35 45 46
5 6 8 26
7 20 29 38 44
11
47
1 12 15 34
5 25 26 31 34
1 2 13 15 26 42 45
47
22 46
1 7 12 25 34 38
10 35 37
9
8 27 31 49
0 3 12 13 22 32 42 44
0 4 10 13 15 17 20 22 24 31 39 44 45 49
10 27 35 37
20 22 39 42 49
0 21 39
14 20 39
34 37 39
1 10 12 15 25 26 34 35 37 44
10 14 20 39
14 18 20 25 31 39
2 14 15 20 22 27 41
8 25 31
1 15 25 34 38
10 24 37 42 46
15 26 35 45
4 8 26 38 42
21 39
1 15 20
