8 49
4 13 27
10 20 35 37
20 27 39
5 8 10 20 22 25 26 30 31 35 37 46
14 20
5 8 25 31
14 35 37 42
22
10 26 35 37
6 20 39 42
0 14 20 21 36 39
12 14 19 20 42 46
0 3 12 13 14 22 32 33 40 42
20 22 24 26 27 39
8 26
10 15 17 25 26 31
14 20 39
13 15
2 21 30 31 47
20 45 49
4 5 8 20 25 27 29 31
10 14 35 37
0 18 36 41
14 15 16 17 20 39 42 45 49
15 18 26
1 2 12 15 34 47 49
0 20 36 42
0 6 8 22 27 43
14 20 22 27 39 45 47
1 12 13 15 25 34 45
5 14 35 39 45
9 14 20 22 31 37 39
26 34
1 12 15 34
3 20
4 19 27 39 40
41
5 8 25 26 31
1 2 3 20 27 30 31 35 42 47
1 2 10 25 31
0 9
5 8 25 26 31
0 10 36 39
10 25 27 31
1
4 14 19 20 22
46
5 8 13 14 15 20 25 26 31 39
15 22 45
0 3 12 13 22 32
15 45 46
15 45
1 2 10 13 15 22 31 35
8 15 20
5 8 26 31
17 22 24 45 49
5 17 20 22 24
8
8 30
3 10 35 37
2 13 42
13 15 42 45 46
4 5 13
0 3 12 13 22 32
0 2 14 42
4 5 13 32 38 42
8 25 26
5 8 25 26
30 33 40
1 2 13 15 20 22 45
13 20 22
5 8 13 15 25 26 31 45
43
1 12 15 34 38
15 45
14 20 26 31 39
10 13 15 20 39
0 3 12 13 22 32
5 8 13 26
9 15 19 36
13 20
1 12 15 19 34 49
0 3 12 13 22 32
20 45
5 8 21 25 26 31
5 8 25 31
14 20 27 39
10 20 35 37
5 8 10 25 26 31 42
0 3 12 13 22 27 32 42 47
14 15 18 20 26 27 35 39
13 14 20 45
1 7 15 20
3 14 27 37 39 47
14 20 39
26 42
0 3 12 13 22 32
0 3 12 13 22 32 44
14 26 39
3 8 27 47
1 4 5 12 13 15 18 26 34 41 44
0 36
8 20 34 37
12 14 15 20 34 39 47
37 42 44 46
14 20 39
0 36
27 47
21 37 42
1 3 12 15 22 34 47 49
2 8 18 26 49
19 41 44
1 14 42
9 21 34 37 39
16 17 22 35 49
2 27
3 21 26 27 46 47
22 25
14 20
0 3 12 13 22 32
0 3 12 13 22 32
3 20 21 27 42 45 47
11 33 42 46
26
0 3 12 13 22 32
45
0 3 12 13 22 32 45
14 16 17 20 39 49
16 17 47 49
2 30 31
29
16 17
25 30 31
3 22 34
0 3 8 12 13 22 32 33
8 25 26 31
37 42 46
1 13 15 20
11 19 22
27 36
0 3 12 13 22 32
1 12 15 34 35 38
21 41 44
1 2 21
15 17 26
22 45
8 13 20 22 26
0 3 12 13 22 32
1 2 8 15 26 36 49
42
15 24
20 26 42
20 24 33
2 3 14 30 39 49
13 20 21 39 44
18 26
4 5 45
4 6 10 35 37 43 47
20 22
10 22 27 34 35 37
15 17 26 44
12 15 17 26 35 45 49
1 5 15 20 29 42 47 49
14 39 42 47
1 4 6 13
0 3 12 13 22 32
1 15 20
0 3 12 13 15 16 17 22 26 32 37 45 46
1 17 49
4 14 20 22 39
2 17 22
9
14 20 39
7 13
14 20 22 39
3 21 27 47
3 11 31
0 24 42
3 18 19
1 12 15 25 34 38
1 12 15 25 34 38
14 20 39
26 39 44
1 12 15 34
0 3 12 13 22 32
1 15 25 34 38
2 3 21 26 27 34 39 47
15 25 30 31 35
5 8 25 26 31 35 42 49
2 30
15
45
0 13 20 22 36
12 14 20 25 34 38
0 3 12 13 22 26 32
10 17 20 21 36 47
1 15 20 39
0 3 12 13 22 32
3 4 17 21 45 49
0 3 12 13 18 22 26 32
20 44
7 13 21 24 47
1 2 8 15 26 27 40
2 15 35 45
36
0 3 12 13 20 22 32 39
45 49
10 22 27 47
18 26 34 37 42
1 12 15 25 34 38
1 5 8 25
15 26 45
13 20 22
14 20 39
5 8 25 31
14 20 22
0 3 8 12 13 22 32 42
2 10 16 26 31 49
4 20 27 29 31 34
16 17 21 26 47 49
11 12 15 17 26 33
14 18 20 26 39
17 20 39 45 49
34
9 14 20 27
10 35 37
22 35 49
4 16 17 21 39 49
22 26
16 17
22 45
3 9 14 20 21 27 39 45 47
4 13 14 22 35 39 42 46
10 31 47
14 20 22 24 26 42
10 35 37
4 26 49
0 3 12 13 22 32
10
13 20 46
1 15 20 29
1 8 13 15 16 20 26 49
1 10 12 15 25 34 38
1 12 15 20 26 34 38 49
3 4 17 20 24 26 27 44 45 47 49
2 10 25 26 31 34 37
0 2 3 12 13 22 30 31 32
15 25 31 35 42
0 4 5 13 14 20 39
